x_volt,y_lm
10,1709.7757557639509
12,3380.5683558886376
14,5021.76818590778
16,6678.47338852572
18,8345.606349069067
20,9981.669847756462
22,11660.196166937772
24,13324.502363252637
26,14984.190605813374
28,16657.397515860157
30,18311.561113788586
32,19957.092681027345
34,21609.739213868615
36,23261.95965864027
38,24935.983308972
40,26597.26981321236
42,28271.73107039426
44,29926.243045814754
46,31571.41545240559
48,33250.536686995925
50,34919.408354323605
52,36559.922133720924
54,38229.38163841797
56,39873.06976589538
58,41551.23455148408
